0 0.0 0.0 0.0 0.0 
1 0.0025881398725725777 0.0010120000000000129 0.0023819999999999952 1.999999999990898e-05 
2 0.005301306442755497 0.0005990000000000162 0.004357000000000055 0.0029600000000000737 
3 0.012929379335451558 0.0008749999999999591 0.009925000000000073 0.008240000000000025 
4 0.02157374529375919 0.0014809999999999546 0.014495000000000036 0.01590999999999987 
5 0.029525709559636258 0.003894999999999982 0.020029999999999992 0.021339999999999915 
6 0.03702553883470154 0.009194999999999953 0.021198999999999968 0.0289299999999999 
7 0.04389080092684562 0.011145000000000072 0.026841000000000004 0.032889999999999864 
8 0.04903693959659403 0.012476000000000043 0.028886999999999996 0.03761000000000014 
9 0.05416805163562746 0.018287000000000053 0.02795700000000001 0.04264000000000001 
10 0.06488029279372892 0.02342299999999997 0.03525800000000001 0.049169999999999936 
11 0.07317811592272648 0.029484999999999983 0.03945500000000002 0.054119999999999946 
12 0.08563492453432768 0.045221999999999984 0.04045399999999999 0.060429999999999984 
13 0.09681206937154056 0.05156000000000005 0.04827399999999993 0.06620999999999988 
14 0.10685182604897316 0.05884900000000004 0.05177299999999996 0.07262000000000013 
15 0.12092850372430805 0.07455200000000006 0.05484699999999998 0.07782999999999984 
16 0.1309898683143091 0.08067400000000002 0.05911500000000003 0.08459000000000017 
17 0.14374579668637272 0.09038600000000008 0.06383699999999992 0.09175 
18 0.15609118256006652 0.09771799999999997 0.070407 0.0992900000000001 
19 0.1645401956270868 0.10277400000000003 0.07795099999999999 0.10214999999999996 
20 0.17772369663609858 0.111811 0.08346500000000001 0.11007999999999996 
21 0.18938288676910597 0.12090000000000001 0.08629900000000001 0.11748000000000003 
22 0.20599707566128211 0.13834099999999994 0.08772999999999997 0.12490000000000001 
23 0.21987758504222296 0.14846000000000004 0.09235199999999999 0.13332999999999995 
24 0.23510052042052132 0.16005899999999995 0.09631099999999998 0.14274999999999993 
25 0.25035445794513034 0.17224700000000004 0.09859800000000002 0.15260000000000007 
26 0.27244061128436786 0.19831600000000005 0.09068899999999991 0.16331000000000007 
27 0.29031599532233837 0.21123799999999993 0.09186400000000006 0.17670000000000008 
28 0.3060588663067939 0.22394399999999992 0.09160299999999999 0.18742999999999999 
29 0.3342086408577731 0.2515679999999999 0.09711000000000003 0.19743 
30 0.35169563734143766 0.262587 0.09943399999999997 0.21178000000000008 
31 0.36697033018215525 0.27373500000000006 0.09990299999999996 0.22306000000000004 
32 0.38931747600897654 0.298385 0.091951 0.23255000000000003 
33 0.40722696822042626 0.3081109999999999 0.09536500000000003 0.24861000000000022 
34 0.41911149414684384 0.31305099999999997 0.09914499999999993 0.26042999999999994 
35 0.4345063896066432 0.3225 0.10289699999999996 0.2724 
36 0.4544441380741972 0.34389099999999995 0.10355700000000001 0.2784500000000001 
37 0.4634235369907316 0.345376 0.10706900000000003 0.28984999999999994 
38 0.4659525635823888 0.34442800000000007 0.10678500000000002 0.2950900000000001 
39 0.4688413255185598 0.3473330000000001 0.103275 0.2975000000000001 
40 0.4693520097964852 0.34358999999999995 0.10321000000000002 0.30262999999999995 
41 0.4717093413289587 0.34463900000000003 0.10232600000000003 0.30539000000000005 
42 0.47030405397466 0.340634 0.09857300000000002 0.3089299999999999 
43 0.4695986480772705 0.3460240000000001 0.09416000000000002 0.30319000000000007 
44 0.46801550543331355 0.33889899999999995 0.09934500000000002 0.30711 
45 0.46422795338174105 0.3293999999999999 0.09709899999999994 0.31237000000000004 
46 0.4593788011880826 0.32167999999999997 0.09779099999999996 0.3130299999999999 
47 0.44810560523273957 0.3176699999999999 0.08482100000000004 0.3044499999999999 
48 0.44180597865578947 0.30711 0.08282599999999996 0.3066199999999999 
49 0.4341568298483856 0.29912000000000005 0.079098 0.30457 
50 0.425621414987545 0.2948600000000001 0.07966400000000007 0.2964199999999999 
51 0.4217680357210585 0.28932 0.08066600000000002 0.29610000000000003 
52 0.4190889363846295 0.2840900000000002 0.08072999999999997 0.29733999999999994 
53 0.4146460326459185 0.2847700000000002 0.06903300000000001 0.29338 
54 0.40814577562557225 0.2747600000000001 0.07116899999999993 0.2932999999999999 
55 0.4024575779197107 0.26749 0.06945500000000004 0.29257 
56 0.3934692642939217 0.26027 0.06986199999999998 0.28669999999999995 
57 0.39259516054582233 0.25573 0.0751719999999999 0.28824000000000005 
58 0.39475365786778976 0.25298 0.08140000000000003 0.29190000000000005 
59 0.395993819104541 0.25778999999999996 0.07861299999999993 0.29013 
60 0.3984281732458186 0.25678 0.07845600000000008 0.29437 
61 0.40249958968426297 0.2630000000000001 0.07553600000000005 0.29518 
62 0.40633763498967207 0.2630999999999999 0.0777469999999999 0.2997400000000001 
63 0.3994371406817349 0.2613700000000001 0.070666 0.2936700000000001 
64 0.4018729586884394 0.25949 0.07216499999999992 0.2982600000000002 
65 0.40282317484970986 0.25729 0.06913599999999998 0.30213999999999985 
66 0.4026528169043401 0.25658000000000003 0.06296899999999994 0.30386 
67 0.4057644566752984 0.2557100000000001 0.0623490000000001 0.3088200000000001 
68 0.40916997617127276 0.25577000000000005 0.062410000000000077 0.31321999999999983 
69 0.4100372193947762 0.25288999999999984 0.054033 0.3182099999999999 
70 0.4130299079969875 0.24946000000000002 0.05398000000000003 0.32472999999999996 
71 0.41478249004628914 0.24428000000000005 0.059257000000000004 0.3299399999999999 
72 0.413905024221741 0.23438000000000003 0.063226 0.33524 
73 0.41792147741053 0.23135000000000017 0.063141 0.3422700000000001 
74 0.42877649547987123 0.23059999999999992 0.07017600000000002 0.3546100000000001 
75 0.4249717923533278 0.21924999999999994 0.07941399999999998 0.35528000000000004 
76 0.429549984784076 0.2152099999999999 0.08630799999999994 0.361592 
77 0.43308214077701246 0.2097 0.0917659999999999 0.3676480000000001 
78 0.43619231662765445 0.17721999999999993 0.09017299999999995 0.38823399999999997 
79 0.4515109881597568 0.17679 0.09009999999999996 0.4055730000000001 
80 0.45525249291903935 0.15545999999999993 0.10034999999999994 0.415953 
81 0.463125358785286 0.1490499999999999 0.10581099999999999 0.4255269999999999 
82 0.4670066600724235 0.13785000000000003 0.11144599999999993 0.4320560000000001 
83 0.47493461281001625 0.13234000000000012 0.11745799999999995 0.44074100000000005 
84 0.4829557641823939 0.13012 0.12214599999999998 0.44877100000000003 
85 0.4867353081388281 0.11677999999999988 0.13265000000000005 0.45351699999999995 
86 0.48800003938524417 0.11046999999999985 0.13460799999999995 0.4558739999999999 
87 0.49600634820635114 0.09752000000000005 0.13788099999999992 0.46637000000000006 
88 0.5013357285542294 0.06410999999999989 0.14346400000000004 0.47607299999999997 
89 0.5155561761340853 0.04349000000000003 0.14697500000000008 0.49224500000000004 
90 0.5216438819970959 0.03118999999999983 0.15054299999999998 0.4984740000000001 
91 0.5346693396343202 0.012899999999999912 0.152451 0.512312 
92 0.5458272674949467 0.0009300000000000974 0.15486500000000003 0.5233960000000001 
93 0.554911384678671 0.01167000000000007 0.15661100000000006 0.532225 
94 0.562452878212033 0.01597000000000004 0.15974999999999995 0.5390530000000001 
95 0.5723878546475283 0.031079999999999997 0.16098799999999996 0.548402 
96 0.5805748942944398 0.03665000000000007 0.161509 0.556452 
97 0.5889686741126392 0.051066999999999974 0.16194599999999998 0.5639590000000001 
98 0.5989398910416638 0.057353999999999905 0.16695300000000002 0.572334 
99 0.5994125695295354 0.004189999999999916 0.17640099999999997 0.5728530000000001 
100 0.610397736677488 0.004590000000000094 0.181021 0.5829199999999999 
101 0.6184103414958388 0.013989999999999947 0.18291199999999996 0.5905750000000001 
102 0.6310338561511578 0.023970000000000047 0.18549500000000002 0.602678 
103 0.6418139012307228 0.038429999999999964 0.18651299999999993 0.612912 
104 0.6511505026650904 0.01900999999999997 0.192955 0.621614 
105 0.6588944915826811 0.01719000000000004 0.19505299999999998 0.6291269999999999 
106 0.6655863058995429 0.0009700000000001374 0.19753000000000004 0.6355989999999999 
107 0.6710729364115349 0.022659999999999902 0.20297199999999999 0.6392399999999999 
108 0.6748405054470279 0.04544000000000015 0.20630400000000004 0.640924 
109 0.6947617356173266 0.17933 0.20770700000000003 0.638273 
110 0.6984331718138822 0.1883999999999999 0.21002900000000002 0.638907 
111 0.7074866941116279 0.19586000000000015 0.21269099999999996 0.6457080000000001 
112 0.7168195051789535 0.20404 0.219323 0.6512259999999999 
113 0.7424272745858681 0.25376 0.240332 0.655015 
114 0.7551211436802708 0.2663500000000001 0.253307 0.659622 
115 0.7608317484523106 0.27553000000000005 0.258488 0.660403 
116 0.7646145987097028 0.28056000000000014 0.258176 0.6627719999999999 
117 0.7636217586717917 0.31325000000000003 0.25262400000000007 0.6489790000000001 
118 0.7607715214583154 0.31609 0.24865099999999996 0.645781 
119 0.7611200948109305 0.31848999999999994 0.24821499999999996 0.6451799999999999 
120 0.7592000743585317 0.3245199999999999 0.24615899999999996 0.6406850000000001 
121 0.7582795767709956 0.32399 0.24310799999999994 0.641028 
122 0.7579665388742435 0.32318 0.24344699999999997 0.640938 
123 0.7665863602086852 0.33655999999999997 0.243213 0.644383 
124 0.7641538450659003 0.33071000000000006 0.24140500000000004 0.645202 
125 0.7689086085979269 0.32838999999999996 0.24107 0.652124 
126 0.7650094805327577 0.3221799999999999 0.238832 0.651459 
127 0.7703673156832396 0.3296300000000001 0.238883 0.6540220000000001 
128 0.7732004669877017 0.3342099999999999 0.23870500000000006 0.655105 
129 0.775432011048035 0.33681000000000005 0.238217 0.6565869999999999 
130 0.7793943132978326 0.3458399999999999 0.23495100000000002 0.65776 
131 0.784661160504966 0.34858999999999996 0.23188799999999993 0.6636310000000001 
132 0.7805878988711008 0.34779000000000004 0.22764999999999996 0.660708 
133 0.7833481397182227 0.3492600000000001 0.22758800000000007 0.663216 
134 0.7882108380103638 0.35392 0.22764599999999996 0.666479 
135 0.7893825980017546 0.35575 0.225802 0.6675179999999998 
136 0.7839053425465347 0.35403000000000007 0.22218299999999996 0.6631779999999998 
137 0.7869252783822617 0.36060000000000003 0.221686 0.663381 
138 0.7868407132609495 0.36195 0.221653 0.6625559999999999 
139 0.7839211358038511 0.3698600000000001 0.223306 0.654118 
140 0.7851509974170573 0.3736599999999999 0.22289600000000004 0.653573 
141 0.7872054250448227 0.37583999999999995 0.225288 0.653974 
142 0.7904873817974579 0.3803099999999999 0.22727999999999998 0.6546590000000001 
143 0.7816700792137307 0.36427999999999994 0.22589300000000007 0.653667 
144 0.7863757947400213 0.37215 0.22536699999999993 0.6550580000000001 
145 0.7852960075169108 0.36047000000000007 0.22343100000000005 0.6609309999999999 
146 0.7882439082904477 0.3569499999999999 0.22453899999999993 0.6659559999999999 
147 0.787635040478774 0.35019 0.226659 0.6681029999999999 
148 0.7905084330410396 0.33965999999999985 0.22529699999999997 0.67733 
149 0.7909575240807815 0.33875999999999995 0.22532200000000002 0.678296 
150 0.784425542582596 0.34674000000000005 0.22202 0.667684 
151 0.7846514641852139 0.3416600000000001 0.21788199999999996 0.671918 
152 0.784367845037008 0.3384799999999999 0.21356199999999997 0.6745779999999999 
153 0.7843759873109324 0.33904999999999985 0.21291100000000002 0.674507 
154 0.7779577023881182 0.34295999999999993 0.21039100000000005 0.665832 
155 0.7790005841358529 0.34438000000000013 0.20917799999999992 0.6667000000000001 
156 0.7764071303105091 0.34578 0.20716599999999996 0.663571 
157 0.7754421743553803 0.34263 0.206287 0.66435 
158 0.7688056577029073 0.3413599999999999 0.20583000000000007 0.6573959999999999 
159 0.7684995158619164 0.33643 0.20641199999999998 0.659394 
160 0.7675955742713737 0.3400099999999999 0.20575400000000005 0.656705 
161 0.7632908678596909 0.3478300000000001 0.204177 0.648027 
162 0.7655425987134876 0.34592 0.204627 0.651554 
163 0.7672696633778765 0.33542000000000005 0.20357600000000003 0.6593579999999999 
164 0.7675385725531975 0.32460999999999984 0.20239900000000005 0.665416 
165 0.7745787894417199 0.3124800000000001 0.20186200000000004 0.679397 
166 0.7872323250508708 0.26587000000000005 0.19949599999999995 0.713617 
167 0.7990908065382807 0.22199000000000013 0.19497499999999995 0.742463 
168 0.8129243900173005 0.16558000000000006 0.18909400000000004 0.773093 
169 0.8220468037143627 0.13444000000000011 0.18642399999999998 0.789261 
170 0.8402362478880567 0.0906499999999999 0.18147100000000005 0.8153819999999999 
171 0.8536387822732752 0.06735999999999986 0.181299 0.8314400000000001 
172 0.8561297624589396 0.059350000000000014 0.18450799999999995 0.8339020000000001 
173 0.8716914828022585 0.03547000000000011 0.18174100000000004 0.8517970000000001 
174 0.884654775937484 0.012480000000000047 0.17713300000000004 0.8666499999999999 
175 0.8877662895295134 0.006259999999999932 0.17392499999999994 0.87054 
176 0.8925462081259433 0.008879999999999999 0.17326600000000003 0.8755219999999999 
177 0.899308722636448 0.0047599999999998754 0.17094700000000002 0.8828989999999999 
178 0.9028772650327398 0.007353999999999972 0.16699400000000003 0.8872690000000001 
179 0.9071185960942483 0.003926000000000096 0.1602 0.892852 
180 0.9123104778467689 0.0027160000000000517 0.15557800000000005 0.8989429999999999 
181 0.914217237161934 0.010851999999999973 0.148528 0.902006 
182 0.9207750028450437 0.009359000000000006 0.14828799999999998 0.9087077000000001 
183 0.9213072986545857 0.008836999999999984 0.14889000000000002 0.9091539 
184 0.9136570933892868 0.006179000000000046 0.15702299999999997 0.9000416 
185 0.9114187445106448 0.0007369999999999877 0.15839400000000003 0.8975493999999999 
186 0.9121863280218575 0.00863500000000006 0.15637100000000004 0.8986419999999999 
187 0.9111457707721635 0.019062000000000023 0.15739400000000003 0.897246 
188 0.9064200311847704 0.022626000000000035 0.16031099999999998 0.8918440000000001 
189 0.9092121448996379 0.02825500000000003 0.16083200000000003 0.894428 
190 0.9174198424005282 0.03142200000000006 0.16590900000000003 0.9017461 
191 0.9232614853362453 0.037978999999999985 0.17020100000000005 0.9066426999999999 
192 0.9280764952558005 0.039609000000000005 0.169174 0.9116673 
193 0.9350292862222671 0.04324799999999995 0.16791500000000004 0.9188111499999999 
194 0.9449910450843395 0.040327 0.16437600000000002 0.9297108900000001 
195 0.9531788526108255 0.037263999999999964 0.16093999999999997 0.9387542999999999 
196 0.965164530948717 0.01953399999999994 0.15799799999999997 0.95194413 
197 0.9766083302815156 0.012149999999999994 0.15931499999999998 0.9634495 
198 0.9857153137941808 0.007164000000000059 0.15945899999999996 0.9727056000000001 
199 0.9899068429145239 0.00567200000000001 0.16083599999999998 0.976737 
200 0.9888661874690073 0.01419400000000004 0.16083500000000006 0.9755957 
201 0.9936813203343614 0.011324 0.15951600000000005 0.9807288 
202 0.9993685710767574 0.01028400000000007 0.15904599999999997 0.986578 
203 1.0067793044412514 0.00876599999999994 0.15888800000000003 0.9941239 
204 1.007917548505933 0.009097000000000022 0.15694999999999998 0.9955811 
205 1.0118745485160747 0.008233000000000046 0.15651199999999998 0.9996631 
206 1.0165004154563047 0.008167000000000035 0.15608499999999997 1.0044122 
207 1.01863948280292 0.007788000000000017 0.15617499999999995 1.006566 
208 1.0148941380267205 0.010445999999999955 0.15285399999999993 1.003263 
209 1.01736665381415 0.01033700000000004 0.15056799999999998 1.00611 
210 1.0232035479023711 0.010286000000000017 0.15138799999999997 1.01189 
211 1.0294838714695824 0.008595999999999937 0.14959999999999996 1.0185199999999999 
212 1.0267868572074732 0.01070900000000008 0.14272200000000002 1.016763 
213 1.0308466434543015 0.009094000000000046 0.14137299999999997 1.021066 
214 1.0342326250940839 0.007373999999999992 0.140793 1.024578 
215 1.0286716073601916 0.009462000000000081 0.13640300000000005 1.019544 
216 1.03428620290904 0.01034999999999997 0.136988 1.025122 
217 1.0384026301709757 0.010823000000000027 0.13421100000000002 1.029636 
218 1.039899758768123 0.01221899999999998 0.13307100000000005 1.0312780000000001 
219 1.0403744971874311 0.01226499999999997 0.13314199999999998 1.031747 
220 1.044185153347815 0.013535999999999992 0.13097400000000003 1.03585 
221 1.0470347008132064 0.01472299999999993 0.12977300000000003 1.0388570000000001 
222 1.0442348770568812 0.014051000000000036 0.12787000000000004 1.036281 
223 1.045076438729723 0.016160000000000063 0.126568 1.037258 
224 1.0454351020436419 0.018127999999999922 0.12583500000000003 1.037676 
225 1.0470243897932847 0.020677000000000056 0.12460300000000002 1.0393780000000001 
226 1.0446867255440742 0.021892000000000023 0.11720799999999998 1.03786 
227 1.0445285538217708 0.024295999999999984 0.11078200000000005 1.038353 
228 1.0445808640043144 0.02614799999999995 0.10167400000000004 1.0392919999999999 
229 1.0439756030612017 0.028192999999999913 0.09388699999999994 1.039363 
230 1.043607492495622 0.025356999999999963 0.08138800000000002 1.04012 
231 1.0435240386737625 0.026658999999999988 0.07910299999999992 1.04018 
232 1.0445095900890522 0.030541999999999958 0.07438199999999995 1.04141 
233 1.0441955839879806 0.03734000000000004 0.07198399999999994 1.041042 
234 1.0409017215995948 0.035507999999999984 0.05988199999999999 1.0385710000000001 
235 1.042117556620653 0.039609000000000005 0.05874999999999997 1.039706 
236 1.040924549542857 0.045096000000000025 0.05493999999999999 1.038495 
237 1.0419420763108669 0.050310999999999995 0.04937099999999994 1.039555 
238 1.04295355641946 0.043976000000000015 0.026696000000000053 1.041684 
239 1.0482784880851082 0.05073799999999995 0.01869299999999996 1.046883 
240 1.0522081122354072 0.05481800000000003 0.010062999999999933 1.0507309999999999 
241 1.0570395597705888 0.058568000000000064 0.003485999999999989 1.05541 
242 1.0605178378396094 0.052756000000000025 0.003805999999999976 1.059198 
243 1.0624425199040184 0.05674000000000001 0.00878000000000001 1.06089 
244 1.0684382933431393 0.060271000000000075 0.017403999999999975 1.066595 
245 1.0783548945324075 0.05802799999999997 0.025646999999999975 1.076487 
246 1.088527923542157 0.06032499999999996 0.03580899999999998 1.086265 
247 1.1056161110986942 0.05381200000000008 0.04511100000000001 1.1033840000000001 
248 1.1176741182818006 0.054948 0.045938000000000034 1.115377 
249 1.1292370341137417 0.05655699999999997 0.04683400000000004 1.126847 
250 1.1400261805138512 0.05759199999999998 0.044206999999999996 1.137712 
251 1.1668390268023263 0.04606200000000005 0.04383999999999999 1.165105 
252 1.175877667028335 0.047951999999999995 0.043173999999999935 1.174106 
253 1.186162479609771 0.04982300000000006 0.043391999999999986 1.184321 
254 1.1946706985826678 0.05034000000000005 0.04161400000000004 1.1928839999999998 
255 1.1994077977456208 0.046709 0.03860600000000003 1.197876 
256 1.202356301703035 0.05001999999999995 0.03659099999999993 1.200758 
257 1.2059723551562036 0.05323200000000006 0.03350399999999998 1.204331 
258 1.2082613702047251 0.05713699999999999 0.031366000000000005 1.206502 
259 1.206185604791402 0.056281000000000025 0.028190999999999966 1.204542 
260 1.212117775602272 0.05863099999999999 0.027393 1.210389 
261 1.2167286363565213 0.062110999999999916 0.027102999999999988 1.21484 
262 1.2180468016328436 0.06539799999999996 0.026092000000000004 1.21601 
263 1.2193843628675907 0.06683700000000004 0.023418999999999968 1.2173260000000001 
264 1.2241649392161174 0.07026200000000005 0.023600999999999983 1.221919 
265 1.2299766946190485 0.07501500000000005 0.025795000000000012 1.227416 
266 1.2330155665465055 0.07945099999999994 0.02722099999999994 1.230152 
267 1.229623291422621 0.074384 0.03298699999999999 1.226928 
268 1.2351252394287795 0.07717999999999997 0.02610699999999999 1.232435 
269 1.2375649668041673 0.082623 0.022654000000000063 1.234596 
270 1.2413112547983283 0.08801399999999998 0.026567000000000007 1.237902 
271 1.2472010441681003 0.09126500000000004 0.02918200000000004 1.243515 
272 1.2505603182677754 0.09342699999999998 0.021279000000000048 1.2468839999999999 
273 1.247908379006648 0.08992100000000003 0.010154999999999914 1.244623 
274 1.2522938893358857 0.09210600000000002 0.009755999999999987 1.248864 
275 1.256590123875323 0.094283 0.00776599999999994 1.253024 
276 1.2612093542584437 0.09706799999999999 0.006023000000000001 1.257454 
277 1.2592360119667798 0.09402300000000002 0.004731000000000041 1.255712 
278 1.2624224903418824 0.09567599999999998 0.008357000000000059 1.258764 
279 1.2655600225868389 0.09752 0.007128999999999941 1.261777 
280 1.2687174116066982 0.099279 0.006176999999999988 1.264812 
281 1.2663697693016052 0.09854600000000002 0.00518200000000002 1.2625190000000002 
282 1.2658997320250132 0.099304 0.005672999999999928 1.261986 
283 1.268716279142031 0.09970400000000001 0.0033800000000000496 1.264788 
284 1.2699465676208588 0.10249000000000003 0.0005640000000000089 1.2658040000000002 
285 1.271343178387724 0.10433999999999999 0.002423000000000064 1.267052 
286 1.2718736106587005 0.10452900000000004 0.0027449999999999974 1.2675679999999998 
287 1.2691464298531514 0.10205200000000003 0.001402999999999932 1.265036 
288 1.2704633468687714 0.10523699999999997 0.0036519999999999886 1.266092 
289 1.2711476369521364 0.10721600000000003 0.005267999999999939 1.266607 
290 1.2660294801464933 0.110626 0.013932000000000055 1.26111 
291 1.2646318932218972 0.11402500000000004 0.010751999999999984 1.2594349999999999 
292 1.263508304827871 0.11782300000000001 0.010847999999999969 1.257956 
293 1.2595474939842484 0.12101200000000001 0.016136999999999957 1.253617 
294 1.2559114609959574 0.12634599999999996 0.011832999999999982 1.249484 
295 1.2530091849184508 0.130291 0.010564999999999936 1.246172 
296 1.2503943749413622 0.136188 0.00814999999999999 1.242929 
297 1.243711973593565 0.13751799999999997 0.015069999999999917 1.235994 
298 1.2397657464351883 0.143467 0.008973000000000009 1.231404 
299 1.2372517234419196 0.150844 0.005418000000000034 1.22801 
300 1.234309644161464 0.15738300000000002 0.001414999999999944 1.224234 
