1 0.005917710199055028 0.0007749999999999702 0.005587000000000009 0.0017899999999999583 
2 0.013308276747948947 0.0013170000000000126 0.012970999999999955 0.00266999999999995 
3 0.01280844990621422 0.002566999999999986 0.012379999999999947 0.0020500000000001073 
4 0.010502683895081343 0.0020700000000000163 0.010213000000000028 0.0013100000000001444 
5 0.009240143126597083 0.002630999999999939 0.008727999999999958 0.0015100000000001224 
6 0.008572431393717921 0.00022400000000000198 0.008298000000000028 0.0021400000000000308 
7 0.011968356821218166 0.0011539999999999884 0.011642999999999959 0.0025200000000000777 
8 0.01955997085887404 0.0017420000000000213 0.019114000000000075 0.003769999999999829 
9 0.03307128786424865 0.0032050000000000134 0.032366000000000006 0.00598999999999994 
10 0.027219142161354046 0.015009999999999968 0.022700000000000053 0.0005399999999999849 
11 0.04310883186772751 0.012688000000000033 0.03822899999999996 0.01536000000000004 
12 0.047803216084276255 0.015538000000000052 0.03178199999999998 0.03215000000000012 
13 0.05174783660212282 0.009777000000000036 0.030692000000000053 0.04049999999999998 
14 0.0673734747805098 0.009199999999999986 0.006552000000000002 0.06641999999999992 
15 0.07240900958444345 0.007013000000000047 0.02212000000000003 0.06859000000000015 
16 0.08463952105842738 0.00044999999999995044 0.021354999999999902 0.08189999999999986 
17 0.09361409039241902 0.008435999999999999 0.0041680000000000605 0.09314 
18 0.08490215781121226 0.007125999999999966 0.021404999999999896 0.08184999999999998 
19 0.08051144297551749 0.01659900000000003 0.006657000000000024 0.07850000000000001 
20 0.0816136389827091 0.028237999999999985 0.021267999999999954 0.07355999999999985 
21 0.07723716903797036 0.03534999999999999 0.014840999999999993 0.06705000000000005 
22 0.09132297209902884 0.051207 0.029271999999999965 0.06972 
23 0.09625222611451648 0.07529399999999997 0.03251400000000004 0.05038000000000009 
24 0.09890398900954403 0.08709100000000003 0.02573100000000006 0.03917999999999999 
25 0.10218497025003236 0.09523199999999998 0.009310999999999958 0.03586 
26 0.1294015634140485 0.11482500000000007 0.024217000000000044 0.05452999999999997 
27 0.13110414364161033 0.10428399999999993 0.03273199999999998 0.07240000000000002 
28 0.13124485047802817 0.09940099999999996 0.018274000000000012 0.08372999999999986 
29 0.14253552402120662 0.10999799999999993 0.0021980000000000333 0.09061999999999992 
30 0.14715859026913794 0.112147 0.016741000000000006 0.0938000000000001 
31 0.15644190105595118 0.11288500000000001 0.02965899999999999 0.1041700000000001 
32 0.1588250616653429 0.1239269999999999 0.005728000000000066 0.09916999999999998 
33 0.16818001163039553 0.11288599999999993 0.006595999999999935 0.12448999999999999 
34 0.17556654393704965 0.11136499999999994 0.019275000000000042 0.13434999999999997 
35 0.18359235546449099 0.10900600000000005 0.022857000000000016 0.14595000000000002 
36 0.22250127725925523 0.13943099999999986 0.06078899999999998 0.16239000000000003 
37 0.21535091077587756 0.1361659999999999 0.05520400000000003 0.15744000000000002 
38 0.22853816469027666 0.1348680000000001 0.08023599999999997 0.16613999999999995 
39 0.23709072850915108 0.13299299999999992 0.08238599999999996 0.17815000000000003 
40 0.23520184648297301 0.12963000000000002 0.08226699999999998 0.17818 
41 0.24088574419628903 0.128699 0.08576600000000001 0.18467999999999996 
42 0.2351932150807076 0.12347399999999997 0.08098799999999995 0.18306 
43 0.25869239846775555 0.128444 0.10456699999999997 0.19872 
44 0.25699257845704415 0.12260900000000008 0.10204899999999995 0.20148999999999995 
45 0.2514946743849658 0.11436999999999986 0.10733800000000004 0.19659000000000004 
46 0.24718363603806792 0.10932000000000008 0.10350499999999996 0.19605000000000006 
47 0.24073577952601896 0.11216999999999988 0.07058799999999998 0.2009700000000001 
48 0.23095800787156096 0.10433000000000003 0.06301000000000001 0.19618000000000002 
49 0.23562147564260771 0.09948000000000001 0.07647799999999993 0.19943 
50 0.24351062877213392 0.10274000000000005 0.08297499999999991 0.20459000000000005 
51 0.23433627720863023 0.09832000000000019 0.067496 0.2017199999999999 
52 0.22609021493421616 0.09444000000000008 0.05211699999999997 0.1987000000000001 
53 0.22176722503562168 0.09741 0.0018399999999999528 0.19922000000000017 
54 0.2168782036097682 0.09132000000000007 0.010398999999999936 0.19644000000000017 
55 0.21884456081886058 0.0874299999999999 0.05186999999999997 0.19379999999999997 
56 0.2394005503941043 0.08783000000000007 0.11027299999999995 0.19349000000000016 
57 0.26014044883677745 0.08438999999999997 0.14866099999999993 0.1960900000000001 
58 0.2679582572435491 0.08106999999999998 0.16022500000000006 0.19889 
59 0.2715552669807749 0.08485999999999994 0.16090499999999996 0.2016199999999999 
60 0.264380332014316 0.08268999999999993 0.15511600000000003 0.19747999999999988 
61 0.24276187492479134 0.08494000000000002 0.11211400000000005 0.19786100000000006 
62 0.2430841130761118 0.08368999999999982 0.120753 0.19366099999999986 
63 0.2366176969755221 0.08411999999999997 0.09944900000000001 0.19753900000000002 
64 0.23626877247321526 0.0827500000000001 0.11252499999999999 0.19056099999999987 
65 0.23912180535660071 0.08286000000000016 0.127239 0.18472600000000006 
66 0.24713540973320672 0.08106000000000013 0.14412999999999998 0.18366199999999988 
67 0.254592426291514 0.08108000000000004 0.16201500000000002 0.17886999999999997 
68 0.25925993585781826 0.08137000000000016 0.17484 0.17327900000000007 
69 0.25359343720412014 0.07852999999999999 0.17370699999999994 0.1672380000000001 
70 0.25637450679035934 0.07721999999999984 0.17848600000000003 0.1670560000000001 
71 0.2581439222604321 0.07841999999999993 0.18642599999999998 0.16041800000000006 
72 0.2736194923922636 0.07329999999999992 0.20695599999999997 0.16329100000000007 
73 0.28082507592449785 0.07391999999999999 0.22544200000000003 0.15024799999999994 
74 0.2746000773561435 0.07783000000000007 0.22886 0.13027199999999994 
75 0.2057412477482335 0.007370000000000099 0.17024499999999998 0.11529 
76 0.21195254324022633 0.00658000000000003 0.17532499999999995 0.11891900000000011 
77 0.20080221780896743 0.007570000000000077 0.170396 0.10596899999999998 
78 0.16586664661709413 0.018950000000000022 0.16331799999999996 0.02190599999999998 
79 0.17804197914256054 0.026149999999999896 0.1716209999999999 0.03951399999999994 
80 0.28251233549174437 0.06464999999999987 0.24337399999999998 0.12807299999999988 
81 0.2700118129452857 0.04493999999999998 0.23222899999999996 0.13021699999999992 
82 0.28495481396354755 0.023109999999999964 0.24899499999999997 0.13662600000000003 
83 0.28772314185862774 0.012310000000000043 0.24955 0.14268100000000006 
84 0.2859721190693247 0.005630000000000024 0.24547200000000002 0.14660099999999998 
85 0.30291992523602673 0.025430000000000064 0.25966600000000006 0.15390700000000002 
86 0.18877117604390767 0.02324000000000015 0.10803699999999994 0.15304399999999996 
87 0.17198431701756994 0.028019999999999934 0.08039999999999992 0.14943000000000006 
88 0.14443962902887833 0.012819999999999832 0.03691500000000003 0.13905299999999998 
89 0.13051328024764375 0.03198999999999996 0.024938999999999933 0.12405 
90 0.16353042271394028 0.05555999999999983 0.09026800000000001 0.12452700000000005 
91 0.2533269633892136 0.060510000000000064 0.22239399999999998 0.10513799999999995 
92 0.2756070170677808 0.04333000000000009 0.25442600000000004 0.09669099999999997 
93 0.26953762193244934 0.08230000000000004 0.240174 0.09051900000000002 
94 0.304495143831556 0.09810999999999992 0.27571100000000004 0.08411400000000002 
95 0.3082438271385171 0.12487999999999988 0.2701650000000001 0.08018800000000004 
96 0.3228239596591306 0.16355999999999993 0.26642699999999997 0.08049899999999999 
97 0.3343691141493185 0.19354000000000005 0.261111 0.07852400000000004 
98 0.3480217151457651 0.2170200000000002 0.26189699999999994 0.07369799999999993 
99 0.38516309667983517 0.27675000000000005 0.25802 0.07201199999999996 
100 0.38000011800656064 0.27234 0.255247 0.07127399999999995 
101 0.36954548566042594 0.25926000000000005 0.2532540000000001 0.07218399999999991 
102 0.3614257066120227 0.25285999999999986 0.250182 0.06402600000000003 
103 0.35584235854799523 0.24903999999999993 0.24651600000000007 0.06190899999999999 
104 0.3308104629497079 0.22954000000000008 0.23301100000000008 0.04952599999999996 
105 0.31773936843425626 0.2101900000000001 0.235448 0.03664299999999998 
106 0.2998699040600773 0.18930000000000002 0.23143099999999994 0.02295999999999998 
107 0.2940825818796482 0.18877999999999995 0.22499800000000003 0.014919000000000016 
108 0.29106196891383795 0.18598000000000003 0.22381799999999996 0.005831999999999948 
109 0.29432167780338564 0.18872 0.22517999999999994 0.01743500000000009 
110 0.30786481608166916 0.21019999999999994 0.22455000000000003 0.013191000000000064 
111 0.3071294528777727 0.21077999999999997 0.22308000000000006 0.011645000000000016 
112 0.31593207862133926 0.2279500000000001 0.21869100000000008 0.005111000000000088 
113 0.30512847993099557 0.23775999999999997 0.191241 0.0006720000000000059 
114 0.31277766795281275 0.25854 0.17600700000000002 0.002910999999999997 
115 0.2916452473074094 0.23751999999999995 0.16918600000000006 0.004159000000000024 
116 0.44051470576701524 0.37067000000000005 0.23770899999999995 0.012303999999999982 
117 0.5359353200583071 0.39021000000000017 0.366475 0.025668999999999942 
118 0.539798537935219 0.3942700000000001 0.36792900000000006 0.023703999999999947 
119 0.5511422495799064 0.41266999999999987 0.36470400000000003 0.021266000000000007 
120 0.5635113541145377 0.43255999999999983 0.36027 0.02534599999999998 
121 0.567334460353855 0.4372099999999999 0.36079800000000006 0.02325100000000002 
122 0.5576057381098225 0.4275199999999999 0.35756200000000005 0.01732699999999998 
123 0.5736275346816956 0.4486699999999999 0.357221 0.01170199999999999 
124 0.5819510899671897 0.46084000000000014 0.3552949999999999 0.007682999999999995 
125 0.5848792309639657 0.4651399999999999 0.35458199999999995 0.0003170000000000117 
126 0.596157307247005 0.48188999999999993 0.350978 7.999999999996898e-05 
127 0.606588295703107 0.49546 0.34994000000000003 0.003278000000000003 
128 0.602998425308889 0.4924899999999999 0.347668 0.013699000000000017 
129 0.6031580277622108 0.4944299999999999 0.345125 0.015077000000000007 
130 0.6262492615085465 0.5219199999999999 0.345568 0.019245999999999985 
131 0.6269315733299768 0.5218700000000001 0.346183 0.029193000000000024 
132 0.6154027658160143 0.50705 0.34689500000000006 0.03584300000000007 
133 0.602170525825534 0.4905900000000001 0.34597199999999995 0.047267 
134 0.5983707206306137 0.4856499999999999 0.34526200000000007 0.05464199999999997 
135 0.6159276595713168 0.50728 0.34408700000000003 0.06031599999999998 
136 0.6034460812964155 0.48984000000000005 0.34568600000000005 0.06859399999999999 
137 0.611537113255606 0.5004299999999999 0.344167 0.07139000000000006 
138 0.6014492119057103 0.4873700000000001 0.343781 0.077629 
139 0.6311595386627695 0.5239800000000001 0.33912600000000004 0.09381299999999998 
140 0.6461212392802143 0.5426599999999999 0.337032 0.09696500000000002 
141 0.663433558651505 0.5630999999999999 0.334627 0.105296 
142 0.6595606855301488 0.5599399999999999 0.331364 0.10809899999999995 
143 0.6882925688578948 0.5977699999999999 0.32616599999999996 0.100167 
144 0.6811228784470537 0.5898699999999999 0.32613800000000004 0.09806000000000004 
145 0.6949719425796986 0.60602 0.324642 0.101653 
146 0.6961267184076473 0.6076899999999998 0.32243 0.10650899999999996 
147 0.6908709469141107 0.60574 0.316913 0.09973900000000002 
148 0.7047675281743618 0.6211799999999998 0.316287 0.10389999999999999 
149 0.7163743188871303 0.63483 0.31469499999999995 0.10559400000000002 
150 0.6991642003399489 0.6162700000000001 0.31524399999999997 0.09830100000000003 
151 0.6952564266614153 0.60825 0.319145 0.10751699999999997 
152 0.6946809411478049 0.60358 0.322963 0.11818499999999998 
153 0.7004580165584514 0.6075899999999999 0.32357 0.129531 
154 0.6732774154217561 0.5674399999999999 0.327886 0.154289 
155 0.689747830990428 0.5828 0.3291160000000001 0.16666999999999998 
156 0.6750909363907946 0.5600399999999999 0.33230100000000007 0.17798600000000003 
157 0.6590652074453636 0.53993 0.33236200000000005 0.17993899999999996 
158 0.6638918285880614 0.52942 0.33677099999999993 0.21691499999999997 
159 0.6498364824769383 0.50851 0.337407 0.22329700000000002 
160 0.6660558902224346 0.5204599999999999 0.33921999999999997 0.24017000000000002 
161 0.6473578396196342 0.4902200000000001 0.34248599999999996 0.247911 
162 0.6606315761632954 0.5005999999999999 0.343032 0.26108 
163 0.6527004277346539 0.48704000000000014 0.34424299999999997 0.265154 
164 0.6325070902653976 0.45575999999999994 0.34592 0.269606 
165 0.6472888590304949 0.46591000000000005 0.34801899999999997 0.28424199999999994 
166 0.681865249712874 0.49733000000000005 0.34965500000000005 0.308779 
167 0.6851608415613082 0.49305 0.35301000000000005 0.31895300000000004 
168 0.7096069210661633 0.5108600000000001 0.35728399999999993 0.33898700000000004 
169 0.7201786796240222 0.51674 0.35910699999999995 0.350256 
170 0.7149904454368604 0.50322 0.36287099999999994 0.355395 
171 0.7093491581590831 0.4881199999999999 0.36284099999999997 0.36505 
172 0.7611911250251149 0.5342100000000001 0.36387400000000003 0.402029 
173 0.7753469908041173 0.54396 0.36321799999999993 0.416345 
174 0.8103303618315186 0.57318 0.36790899999999993 0.439025 
175 0.8217847991712917 0.5782700000000001 0.3705320000000001 0.451265 
176 0.8324175957180387 0.5832200000000001 0.372035 0.462994 
177 0.843430867458027 0.5916299999999999 0.37204099999999996 0.47216 
178 0.8643332940324583 0.6041799999999999 0.374162 0.491977 
179 0.8683612212604844 0.6025979999999999 0.37767700000000004 0.49828400000000006 
180 0.8788279395496026 0.5979270000000001 0.38310199999999994 0.51774 
181 0.902400795616338 0.6024619999999999 0.38763800000000004 0.5487289999999999 
182 0.9133172928481592 0.6081650000000001 0.38695 0.5608507 
183 0.9108028545224316 0.601996 0.38594699999999993 0.5640989 
184 0.9036112713900597 0.607681 0.37420300000000006 0.5542646 
185 0.9129082257619108 0.62256 0.3699229999999999 0.5558574000000001 
186 0.921967568465399 0.6383110000000001 0.367375 0.554634 
187 0.9321998047017602 0.6551589999999999 0.3641869999999999 0.554194 
188 0.940679535404061 0.68648 0.35412200000000005 0.5368620000000001 
189 0.9513638962673536 0.7072350000000001 0.350386 0.53117 
190 0.9655070268857758 0.7319010000000001 0.345676 0.5263391000000001 
191 0.9753268450324177 0.75331 0.341004 0.5172066999999999 
192 0.9808946855507426 0.76578 0.34020000000000006 0.5099013 
193 0.991682355213867 0.7810259999999999 0.34094899999999995 0.50713515 
194 0.9787545024290372 0.755441 0.34481699999999993 0.5180448900000001 
195 0.9696215647999429 0.7380269999999999 0.34779800000000005 0.5239453 
196 0.9572102014945812 0.712383 0.34901400000000005 0.53567813 
197 0.9671696215283283 0.724833 0.347364 0.5379335 
198 0.9734348456772851 0.727076 0.34766600000000003 0.5459526 
199 0.9699421685043909 0.710097 0.348955 0.561053 
200 0.9560678113481753 0.6721560000000001 0.35340799999999994 0.5808397000000001 
201 0.9440535662352216 0.6368360000000001 0.356904 0.5985788 
202 0.9419479164895478 0.618295 0.35862700000000003 0.613485 
203 0.9375441769644831 0.592391 0.360015 0.6312299 
204 0.9412098140988597 0.5765030000000001 0.36274700000000004 0.6495651 
205 0.9483920166990073 0.5745220000000001 0.36369799999999997 0.6611321 
206 0.955187239153581 0.5686890000000001 0.36465900000000007 0.6752772 
207 0.9638470112865423 0.566614 0.3655010000000001 0.6887369999999999 
208 0.9736928999494656 0.5585819999999999 0.36963200000000007 0.706708 
209 0.981511174435625 0.5552819999999999 0.371333 0.719123 
210 0.9908238234454195 0.551685 0.37095100000000003 0.734691 
211 0.9951591801691827 0.534635 0.372567 0.752131 
212 1.004817910075751 0.5108320000000001 0.380312 0.777221 
213 1.0140279741663936 0.5114100000000001 0.381846 0.787976 
214 1.021205399595008 0.501745 0.383159 0.802684 
215 1.0366308463479175 0.50094 0.3892199999999999 0.81986 
216 1.043189183466259 0.49679000000000006 0.3908760000000001 0.829855 
217 1.0484901569275697 0.4789580000000001 0.39484699999999995 0.845001 
218 1.0561434429247762 0.46340199999999987 0.39873000000000003 0.861227 
219 1.0628021270443524 0.461839 0.39804000000000006 0.8705269999999999 
220 1.0698997717968726 0.46102699999999996 0.39963899999999997 0.878879 
221 1.0751102273483404 0.45828900000000006 0.400718 0.886148 
222 1.07832079046358 0.43638900000000014 0.40305999999999986 0.8999349999999999 
223 1.0836441699095694 0.44070299999999996 0.404193 0.9037109999999999 
224 1.0872189853392 0.44182299999999985 0.40479199999999993 0.907183 
225 1.0906109076756016 0.44195400000000007 0.40578499999999995 0.91074 
226 1.0922188605371177 0.442608 0.4109680000000001 0.910025 
227 1.0928861039156825 0.436176 0.41653400000000007 0.9114 
228 1.0928283614657885 0.43188800000000005 0.422242 0.910746 
229 1.0938482408716486 0.42932000000000003 0.425373 0.9117270000000001 
230 1.0913245279397874 0.4268949999999999 0.43112700000000004 0.907127 
231 1.0913051091298895 0.427797 0.4301300000000001 0.907152 
232 1.0935547281791616 0.4374309999999999 0.43020099999999994 0.905231 
233 1.0951005163477003 0.4459249999999999 0.4321360000000001 0.902028 
234 1.0776031281325236 0.4463889999999999 0.4199140000000001 0.886362 
235 1.0775159144388542 0.4551100000000001 0.42011200000000004 0.881715 
236 1.0784647039463091 0.4642090000000001 0.4215890000000001 0.877416 
237 1.0785666976065968 0.4724680000000001 0.424319 0.871799 
238 1.0565748573082743 0.46048600000000006 0.40147200000000005 0.8620460000000001 
239 1.053196277935884 0.46851699999999985 0.385915 0.860688 
240 1.0420166668158433 0.463661 0.37927500000000014 0.852624 
241 1.0349419846827164 0.45907299999999995 0.3706790000000001 0.850267 
242 1.0172127492407872 0.46452700000000013 0.31974 0.8465830000000001 
243 1.0096856571691013 0.4733100000000001 0.30233699999999997 0.8390679999999999 
244 1.0077604962425346 0.4822630000000001 0.29128699999999996 0.8355569999999999 
245 0.992305018340631 0.48450800000000005 0.268008 0.823464 
246 0.9857015556668256 0.4834219999999999 0.24848199999999998 0.8222940000000001 
247 0.9448665885980941 0.4340330000000001 0.22135399999999994 0.809562 
248 0.9308641270507743 0.418535 0.22350599999999998 0.800863 
249 0.9276516658374521 0.42474500000000004 0.218109 0.7953349999999999 
250 0.9198293326139365 0.42408999999999997 0.22901099999999996 0.783446 
251 0.9082845561281994 0.43002000000000007 0.218074 0.769745 
252 0.9134347956510086 0.4458249999999999 0.214391 0.76788 
253 0.9120380263590986 0.45280699999999996 0.21722399999999997 0.7613099999999999 
254 0.9110532860541144 0.4632140000000001 0.21136500000000003 0.755497 
255 0.9193228300308876 0.49022200000000005 0.210604 0.748654 
256 0.9287923679902845 0.5081359999999999 0.20747899999999997 0.7492700000000001 
257 0.9381482274992582 0.528028 0.20655 0.7474259999999999 
258 0.9486322846461637 0.5472870000000001 0.20555199999999996 0.74708 
259 0.965748924985164 0.5796149999999999 0.20498099999999997 0.744782 
260 0.9742768030087753 0.596829 0.205874 0.742042 
261 0.9973515962297348 0.6239029999999999 0.20328199999999996 0.7510870000000001 
262 0.9660787313392215 0.5857149999999999 0.1947359999999999 0.743185 
263 0.9387316339518978 0.550353 0.20027799999999996 0.733633 
264 0.9485908331256422 0.559808 0.19913499999999995 0.739449 
265 0.9382985394857013 0.541706 0.196218 0.7405790000000001 
266 0.9229555284140184 0.526983 0.18974599999999997 0.733575 
267 0.9220808250961519 0.527829 0.17881499999999995 0.734612 
268 0.9349291078242242 0.53887 0.18054599999999998 0.742371 
269 0.9316150020507399 0.535729 0.18010900000000007 0.740582 
270 0.9252052647969531 0.5308600000000001 0.18558200000000002 0.7346779999999999 
271 0.8637069498435219 0.477048 0.16960200000000003 0.69975 
272 0.881611494966462 0.5026619999999999 0.17908200000000007 0.701783 
273 0.9310780410110637 0.514148 0.11722999999999995 0.767343 
274 0.9676947177230019 0.55362 0.10397 0.7868470000000001 
275 0.9994194094978343 0.588679 0.08457599999999998 0.8032079999999999 
276 0.9971234025465453 0.607744 0.09151100000000001 0.785193 
277 0.9238270277611497 0.601979 0.09816999999999998 0.693859 
278 0.9489444433838053 0.634864 0.09438199999999997 0.698953 
279 0.9575904089066473 0.654585 0.09327699999999994 0.692674 
280 0.9715733479727612 0.6789350000000001 0.09582900000000005 0.688345 
281 0.9754193737367534 0.7034520000000001 0.09368900000000002 0.6691940000000001 
282 0.9827571492896909 0.722124 0.09460000000000002 0.659848 
283 0.9964784118414408 0.7416590000000001 0.09261300000000006 0.6590402 
284 1.0104599658323727 0.761404 0.088418 0.6583886 
285 1.0175418891057213 0.775236 0.09306500000000006 0.6524871999999999 
